MONGOURI=mongodb+srv://jobportaluser:abcd123456@bingbot.3awwl.mongodb.net/notarization?retryWrites=true&w=majority
OPERATOR_ID=0.0.48732485
OPERATOR_PVKEY=2852106973aac4f8fc9bbfdebd36aa1e17a92932d49ae13697d1bb3cb9a61e32
CONTRACT_ID=0.0.48838819